Mean:
0.4887969
0.4804212
0.4729699
0.4647011
0.4607516
0.4594756
0.4578724
0.4568484
0.455196
0.4548922
0.4538414
0.4525501
0.4509846
0.449167
0.4503285
0.4563291
0.4554437
0.4555807
0.4556347
0.4572552
0.4543818
0.4553828
0.4534488
0.4536436
0.4553278
0.4520066
0.4527195
0.4537842
0.4088777
0.3649821
0.2105741
0.1102372
0.1108524
0.1102944
0.1110379
0.11069
0.1073452
0.1051357
0.1042
0.1074359
0.1084386
0.1091997
0.1098716
0.1101631
0.1101895
0.1097318
0.1086052
0.1071511
0.1087958
0.1083645
0.1088545
0.1103794
0.1101848
0.1105213
0.1106383
0.1107015
0.1107528
 
 
Median:
0.4887969
0.4800119
0.4690083
0.4691107
0.4690975
0.4691234
0.4689665
0.4691183
0.4687284
0.4686647
0.4688577
0.4686334
0.4519617
0.4686185
0.4688534
0.4691398
0.4690102
0.4691355
0.4688461
0.469114
0.469091
0.4691047
0.4688497
0.4688705
0.4690472
0.469105
0.4687553
0.4690893
0.4204312
0.3768751
0.209122
0.1091278
0.1091138
0.1091119
0.1091095
0.1089821
0.1007662
0.1
0.1
0.1089874
0.1091376
0.1091086
0.1090002
0.1091141
0.1089945
0.1090938
0.1056236
0.1053971
0.1090987
0.1090911
0.1091263
0.1091119
0.1091102
0.1091029
0.1090014
0.1089997
0.109091
